Number of nodes 138 
     0 :  0.0000000e+00  0.0000000e+00  1.0000000e+00 
     1 :  1.0000000e+00  0.0000000e+00  1.0000000e+00 
     2 :  1.0000000e+00  1.0000000e+00  1.0000000e+00 
     3 :  0.0000000e+00  1.0000000e+00  1.0000000e+00 
     4 :  0.0000000e+00  0.0000000e+00  0.0000000e+00 
     5 :  1.0000000e+00  0.0000000e+00  0.0000000e+00 
     6 :  1.0000000e+00  1.0000000e+00  0.0000000e+00 
     7 :  0.0000000e+00  1.0000000e+00  0.0000000e+00 
     8 :  4.0000000e-01  0.0000000e+00  1.0000000e+00 
     9 :  4.0000000e-01  4.0000000e-01  1.0000000e+00 
    10 :  0.0000000e+00  4.0000000e-01  1.0000000e+00 
    11 :  1.0000000e-01  0.0000000e+00  1.0000000e+00 
    12 :  2.0000000e-01  0.0000000e+00  1.0000000e+00 
    13 :  3.0000000e-01  0.0000000e+00  1.0000000e+00 
    14 :  4.8450301e-01  0.0000000e+00  1.0000000e+00 
    15 :  5.6964034e-01  0.0000000e+00  1.0000000e+00 
    16 :  6.7419666e-01  0.0000000e+00  1.0000000e+00 
    17 :  8.1375033e-01  0.0000000e+00  1.0000000e+00 
    18 :  1.0000000e+00  5.0000000e-01  1.0000000e+00 
    19 :  5.0000000e-01  1.0000000e+00  1.0000000e+00 
    20 :  0.0000000e+00  8.1375033e-01  1.0000000e+00 
    21 :  0.0000000e+00  6.7419666e-01  1.0000000e+00 
    22 :  0.0000000e+00  5.6964034e-01  1.0000000e+00 
    23 :  0.0000000e+00  4.8450301e-01  1.0000000e+00 
    24 :  0.0000000e+00  3.0000000e-01  1.0000000e+00 
    25 :  0.0000000e+00  2.0000000e-01  1.0000000e+00 
    26 :  0.0000000e+00  1.0000000e-01  1.0000000e+00 
    27 :  0.0000000e+00  0.0000000e+00  8.9544586e-01 
    28 :  0.0000000e+00  0.0000000e+00  7.6549337e-01 
    29 :  0.0000000e+00  0.0000000e+00  5.8731368e-01 
    30 :  0.0000000e+00  0.0000000e+00  3.4086039e-01 
    31 :  1.0000000e+00  0.0000000e+00  5.6472741e-01 
    32 :  1.0000000e+00  1.0000000e+00  5.6472741e-01 
    33 :  0.0000000e+00  1.0000000e+00  5.6472741e-01 
    34 :  4.0000000e-01  1.0000000e-01  1.0000000e+00 
    35 :  4.0000000e-01  2.0000000e-01  1.0000000e+00 
    36 :  4.0000000e-01  3.0000000e-01  1.0000000e+00 
    37 :  3.0000000e-01  4.0000000e-01  1.0000000e+00 
    38 :  2.0000000e-01  4.0000000e-01  1.0000000e+00 
    39 :  1.0000000e-01  4.0000000e-01  1.0000000e+00 
    40 :  2.5204531e-01  6.2818999e-01  1.0000000e+00 
    41 :  6.5108892e-01  2.6261836e-01  1.0000000e+00 
    42 :  2.0616423e-01  8.7186169e-01  1.0000000e+00 
    43 :  8.5238687e-01  2.3437625e-01  1.0000000e+00 
    44 :  5.2707168e-01  1.2167560e-01  1.0000000e+00 
    45 :  1.2563568e-01  5.3177207e-01  1.0000000e+00 
    46 :  6.0014544e-01  7.2926142e-01  1.0000000e+00 
    47 :  3.4283238e-01  5.3818491e-01  1.0000000e+00 
    48 :  2.4133673e-01  5.0294593e-01  1.0000000e+00 
    49 :  5.3872892e-01  3.4142971e-01  1.0000000e+00 
    50 :  5.0582661e-01  2.4016839e-01  1.0000000e+00 
    51 :  1.0524746e-01  6.3382833e-01  1.0000000e+00 
    52 :  6.3746804e-01  1.0657005e-01  1.0000000e+00 
    53 :  1.5762031e-01  7.3367376e-01  1.0000000e+00 
    54 :  7.3708228e-01  1.2866818e-01  1.0000000e+00 
    55 :  7.4429399e-01  5.2647934e-01  1.0000000e+00 
    56 :  5.4840711e-01  5.3472231e-01  1.0000000e+00 
    57 :  4.2848023e-01  4.9267745e-01  1.0000000e+00 
    58 :  4.2569589e-01  6.1720860e-01  1.0000000e+00 
    59 :  4.9368349e-01  4.2600460e-01  1.0000000e+00 
    60 :  5.9237696e-01  4.2450348e-01  1.0000000e+00 
    61 :  7.3384539e-02  4.6992453e-01  1.0000000e+00 
    62 :  4.7377167e-01  6.7877981e-02  1.0000000e+00 
    63 :  3.4618871e-01  4.6355072e-01  1.0000000e+00 
    64 :  4.6582457e-01  3.4310413e-01  1.0000000e+00 
    65 :  1.6604972e-01  4.6811800e-01  1.0000000e+00 
    66 :  4.7064809e-01  1.7237655e-01  1.0000000e+00 
    67 :  3.8226484e-01  7.8021554e-01  1.0000000e+00 
    68 :  5.0000000e-01  5.0000000e-01  0.0000000e+00 
    69 :  4.7041915e-01  0.0000000e+00  5.5849217e-01 
    70 :  2.7532712e-01  0.0000000e+00  7.4265600e-01 
    71 :  4.4370398e-01  0.0000000e+00  8.0657789e-01 
    72 :  5.9304183e-01  0.0000000e+00  7.9443587e-01 
    73 :  4.0141069e-01  0.0000000e+00  2.7644213e-01 
    74 :  1.6502093e-01  0.0000000e+00  8.4597312e-01 
    75 :  7.1073801e-01  0.0000000e+00  3.9841397e-01 
    76 :  2.1143013e-01  0.0000000e+00  5.3036132e-01 
    77 :  3.5000000e-01  0.0000000e+00  8.8737316e-01 
    78 :  4.4105573e-01  0.0000000e+00  9.2392701e-01 
    79 :  2.5000000e-01  0.0000000e+00  9.1039079e-01 
    80 :  8.5378606e-01  0.0000000e+00  7.7297036e-01 
    81 :  7.1528845e-01  0.0000000e+00  6.4229434e-01 
    82 :  1.1865005e-01  0.0000000e+00  7.1704452e-01 
    83 :  7.2765894e-01  0.0000000e+00  8.6951080e-01 
    84 :  5.2564390e-01  0.0000000e+00  9.0770620e-01 
    85 :  8.3252546e-02  0.0000000e+00  9.1591879e-01 
    86 :  6.9595388e-02  0.0000000e+00  8.2868784e-01 
    87 :  6.1993780e-01  0.0000000e+00  9.1774243e-01 
    88 :  1.0000000e+00  4.8954888e-01  3.5539246e-01 
    89 :  1.0000000e+00  6.3771469e-01  6.9185270e-01 
    90 :  1.0000000e+00  3.0389480e-01  7.3952857e-01 
    91 :  5.1045112e-01  1.0000000e+00  3.5539246e-01 
    92 :  3.6228531e-01  1.0000000e+00  6.9185270e-01 
    93 :  6.9610520e-01  1.0000000e+00  7.3952857e-01 
    94 :  0.0000000e+00  4.7041915e-01  5.5849217e-01 
    95 :  0.0000000e+00  2.7532712e-01  7.4265600e-01 
    96 :  0.0000000e+00  4.4370398e-01  8.0657789e-01 
    97 :  0.0000000e+00  5.9304183e-01  7.9443587e-01 
    98 :  0.0000000e+00  4.0141069e-01  2.7644213e-01 
    99 :  0.0000000e+00  1.6502093e-01  8.4597312e-01 
   100 :  0.0000000e+00  7.1073801e-01  3.9841397e-01 
   101 :  0.0000000e+00  2.1143013e-01  5.3036132e-01 
   102 :  0.0000000e+00  3.5000000e-01  8.8737316e-01 
   103 :  0.0000000e+00  4.4105573e-01  9.2392701e-01 
   104 :  0.0000000e+00  2.5000000e-01  9.1039079e-01 
   105 :  0.0000000e+00  8.5378606e-01  7.7297036e-01 
   106 :  0.0000000e+00  7.1528845e-01  6.4229434e-01 
   107 :  0.0000000e+00  1.1865005e-01  7.1704452e-01 
   108 :  0.0000000e+00  7.2765894e-01  8.6951080e-01 
   109 :  0.0000000e+00  5.2564390e-01  9.0770620e-01 
   110 :  0.0000000e+00  8.3252546e-02  9.1591879e-01 
   111 :  0.0000000e+00  6.9595388e-02  8.2868784e-01 
   112 :  0.0000000e+00  6.1993780e-01  9.1774243e-01 
   113 :  2.0000000e-01  2.0000000e-01  1.0000000e+00 
   114 :  2.8333333e-01  1.1666667e-01  1.0000000e+00 
   115 :  1.1666667e-01  1.1666667e-01  1.0000000e+00 
   116 :  2.8333333e-01  2.8333333e-01  1.0000000e+00 
   117 :  1.1666667e-01  2.8333333e-01  1.0000000e+00 
   118 :  3.1190476e-01  2.0000000e-01  1.0000000e+00 
   119 :  2.0000000e-01  8.8095238e-02  1.0000000e+00 
   120 :  2.0000000e-01  3.1190476e-01  1.0000000e+00 
   121 :  8.8095238e-02  2.0000000e-01  1.0000000e+00 
   122 :  3.3541667e-01  6.4583333e-02  1.0000000e+00 
   123 :  6.4583333e-02  6.4583333e-02  1.0000000e+00 
   124 :  3.3541667e-01  3.3541667e-01  1.0000000e+00 
   125 :  6.4583333e-02  3.3541667e-01  1.0000000e+00 
   126 :  4.3976560e-01  4.3849462e-01  5.6389993e-01 
   127 :  2.5000000e-01  4.3969519e-01  7.5221945e-01 
   128 :  4.4155823e-01  2.5000000e-01  7.5264040e-01 
   129 :  2.4498345e-01  1.6165011e-01  8.2874801e-01 
   130 :  4.3976560e-01  4.3849462e-01  8.1068641e-01 
   131 :  1.1984092e-01  4.7537102e-01  8.7420881e-01 
   132 :  1.4903320e-01  3.2474444e-01  8.5451483e-01 
   133 :  3.0951424e-01  3.0923576e-01  8.4258106e-01 
   134 :  3.4264407e-01  6.8236983e-01  7.6243996e-01 
   135 :  4.5238508e-01  1.1953468e-01  8.8775127e-01 
   136 :  7.1701215e-01  3.7811646e-01  7.3941353e-01 
   137 :  4.4155823e-01  2.5000000e-01  8.8636347e-01 
Number of tetrahedra 393 
     0 :     41     54     83     52 
     1 :    114     77    122    135 
     2 :     34    114    122    135 
     3 :     48     65     38    131 
     4 :    127    128     76    129 
     5 :     52     72     41    135 
     6 :     41     50    135    137 
     7 :    110     74    111     86 
     8 :    118    135     35    137 
     9 :    110     85    115     74 
    10 :    112     51     97    131 
    11 :     36     64      9    137 
    12 :     76    101    127    129 
    13 :     52     87     72    135 
    14 :     76     82    107    129 
    15 :    110    115     99     74 
    16 :     37      9     63    133 
    17 :     48     47     40    127 
    18 :    126    134     93    136 
    19 :    110     85     74     86 
    20 :     63     47     48    127 
    21 :     52     44     87    135 
    22 :     81    128     69    136 
    23 :    118    114     34    135 
    24 :    116    120    113    132 
    25 :     74    111     86    129 
    26 :     44     84     87    135 
    27 :     99    110     74    111 
    28 :     83     41     52     72 
    29 :    128    129    127    133 
    30 :     95    127    129    132 
    31 :    115    113    121    129 
    32 :    115    121     99    129 
    33 :     51     45     40    131 
    34 :     41    135    128    137 
    35 :     82     86    111    129 
    36 :    121    113    117    132 
    37 :    130    134    126    136 
    38 :     52     41     44    135 
    39 :     51    131     40    134 
    40 :     34     35    118    135 
    41 :     89    126     93    136 
    42 :     41     50     44    135 
    43 :    115     99     74    129 
    44 :     81     69    126    136 
    45 :     76    127    126    128 
    46 :     48     37     63    127 
    47 :     95    127    101    129 
    48 :    112     51    108     97 
    49 :     69    128    126    136 
    50 :    118    129    135    137 
    51 :     54     83     80    136 
    52 :     48    127     40    131 
    53 :     99    111     74    129 
    54 :     48     40     45    131 
    55 :      9     37    124    133 
    56 :     36      9    124    133 
    57 :    118    129    114    135 
    58 :    101    107     95    129 
    59 :    106     94    127    134 
    60 :    121    129    113    132 
    61 :     48     38     37    127 
    62 :     56     46    130    136 
    63 :    126    127     94    134 
    64 :    121     99    129    132 
    65 :     83     52     87     72 
    66 :     49    130     64    137 
    67 :     76    101    126    127 
    68 :     66    135     50    137 
    69 :    121    104     99    132 
    70 :     36      9    133    137 
    71 :    101     76    107    129 
    72 :     99    107    111    129 
    73 :     54     41     83    136 
    74 :     93    134     46    136 
    75 :     84     72     87    135 
    76 :     51     97    131    134 
    77 :     46    134    130    136 
    78 :     64    130      9    137 
    79 :    112     45     51    131 
    80 :     57     47     63    130 
    81 :     57     58     47    130 
    82 :     41     49     50    137 
    83 :    101     94    126    127 
    84 :     58    130     56    134 
    85 :     49     59     64    130 
    86 :     51     40     53    134 
    87 :     76    126     69    128 
    88 :     51     53    108    134 
    89 :    109     45    112    131 
    90 :     70     76    128    129 
    91 :    114    129     77    135 
    92 :     72    128     41    135 
    93 :    129    132    127    133 
    94 :     74     86     82    129 
    95 :    116    132    113    133 
    96 :     91     93     89    126 
    97 :     49     60     59    130 
    98 :     94    106    100    134 
    99 :    115     74    119    129 
   100 :    115    119    113    129 
   101 :    118     35     36    137 
   102 :     48     45     65    131 
   103 :     47    127     63    130 
   104 :     93    126     91    134 
   105 :     34    122     77    135 
   106 :     48     38    127    131 
   107 :     54     80     43    136 
   108 :     81     69     75    126 
   109 :    120    132    116    133 
   110 :     51    108     97    134 
   111 :    113    120    117    132 
   112 :    118    116    113    129 
   113 :     50     66     44    135 
   114 :     56    130     60    136 
   115 :     64     59      9    130 
   116 :     76     70     82    129 
   117 :     56    130     46    134 
   118 :     82    111    107    129 
   119 :     65     39     38    131 
   120 :     76    101     73    126 
   121 :      9    130     63    133 
   122 :    110    115    121     99 
   123 :    115     85    119     74 
   124 :     88    126     89    136 
   125 :     49    136    130    137 
   126 :     37     38    120    133 
   127 :     37     63    127    133 
   128 :     63      9     57    130 
   129 :    108     53    105    134 
   130 :    121    117    104    132 
   131 :     94    100    126    134 
   132 :     90     81     75    136 
   133 :    123    110     85    115 
   134 :     41     72     83    136 
   135 :     57     56     58    130 
   136 :     81    126     75    136 
   137 :     49     60    130    136 
   138 :    114     79    122     77 
   139 :     91    126    100    134 
   140 :     38    131     39    132 
   141 :     81     83     72    136 
   142 :     99     95    129    132 
   143 :     81     80     83    136 
   144 :     89     93     46    136 
   145 :     38    132    120    133 
   146 :     88     91     89    126 
   147 :     92    100    106    134 
   148 :     70     76     69    128 
   149 :     75    126     88    136 
   150 :     37    127     38    133 
   151 :    116    113    129    133 
   152 :    101     95     94    127 
   153 :     71     77    129    135 
   154 :     37    116    124    133 
   155 :    116     36    124    133 
   156 :     49     41    136    137 
   157 :     81     72    128    136 
   158 :     59     60     56    130 
   159 :     97    106     94    127 
   160 :    118    133    129    137 
   161 :    102     39    103    131 
   162 :    104    117    125    132 
   163 :    130    133      9    137 
   164 :     81     72     69    128 
   165 :     37    120    116    133 
   166 :    117     39    125    132 
   167 :    118     36    116    133 
   168 :      9     59     57    130 
   169 :     41    128     72    136 
   170 :     99     95    107    129 
   171 :    118     36    133    137 
   172 :     42      3     92     19 
   173 :     83     54     80     17 
   174 :     57     59     56    130 
   175 :     98      7      4     68 
   176 :     73      4      5     68 
   177 :    114    113    119    129 
   178 :    105     53     42    134 
   179 :     49     64     50    137 
   180 :    113    132    129    133 
   181 :    125     39    102    132 
   182 :     47     40    127    134 
   183 :     97    106    127    134 
   184 :     35    135     66    137 
   185 :    108    105    106    134 
   186 :    114    118    113    129 
   187 :     97    127    131    134 
   188 :     91     32     89     93 
   189 :     39    131    102    132 
   190 :    101     76     73     30 
   191 :    105     92    106    134 
   192 :    108    106     97    134 
   193 :     76     82     29    107 
   194 :    120     38     39    132 
   195 :    127    131     38    132 
   196 :    109    112     97    131 
   197 :    100     91     68    126 
   198 :     49     41     60    136 
   199 :     54     43     41    136 
   200 :     80     54     43     17 
   201 :     75     68     88    126 
   202 :     47    130     58    134 
   203 :    128    136     41    137 
   204 :     79     77    114    129 
   205 :    103    125     10     39 
   206 :      8     78     34    122 
   207 :     58     56     46    134 
   208 :    118    116    129    133 
   209 :    117    120     39    132 
   210 :    101     94     98    126 
   211 :     90     80     81    136 
   212 :     40    131    127    134 
   213 :     76     73     69    126 
   214 :     92     91    100    134 
   215 :     18     90     43      1 
   216 :     88     68     91    126 
   217 :    127    132     38    133 
   218 :     96     97    127    131 
   219 :    114    119     79    129 
   220 :     63    130    127    133 
   221 :    104    125    102    132 
   222 :    112    109     22     45 
   223 :    119     74     79    129 
   224 :     85     11    115    119 
   225 :     26    110    115    121 
   226 :     92     93     91    134 
   227 :     47    127    130    134 
   228 :     90     75     88    136 
   229 :    110    123     26    115 
   230 :     11    123     85    115 
   231 :     78     34     77    135 
   232 :     81     90     75     31 
   233 :     61    103     39    131 
   234 :     53    108    105     42 
   235 :     47     58     40    134 
   236 :     88     91     32     89 
   237 :     94     96     97    127 
   238 :     88      5      6     68 
   239 :      7      6     68     91 
   240 :    130    136    128    137 
   241 :    102    125    103     39 
   242 :     78     34    122     77 
   243 :     71     70     69    128 
   244 :     94     95     96    127 
   245 :     69     72     71    128 
   246 :     61     39     65    131 
   247 :     34     66     35    135 
   248 :     94    100     98    126 
   249 :     69     73     75    126 
   250 :     96    127     95    132 
   251 :     56     55     46    136 
   252 :     71    129    128    135 
   253 :    112     22     51     45 
   254 :     67     46     92    134 
   255 :    100     68     98    126 
   256 :    125    102    103     10 
   257 :      8     78    122     77 
   258 :     73     68     75    126 
   259 :    119     85     12     74 
   260 :    110    121     25     99 
   261 :     78     84     62    135 
   262 :    105     42     92    134 
   263 :     53     40     67    134 
   264 :    101     98     73    126 
   265 :     61    109    103    131 
   266 :     89     46     55    136 
   267 :     15     44     84     87 
   268 :    105     42      3     92 
   269 :     61     45    109    131 
   270 :     90     43     80    136 
   271 :     92     33    106    100 
   272 :     71    128     72    135 
   273 :    101     76     29    107 
   274 :     82    111     86     28 
   275 :     85     11    119     12 
   276 :     26    110    121     25 
   277 :     34     78     62    135 
   278 :     36     50     64    137 
   279 :     62     84     44    135 
   280 :     35     66     50    137 
   281 :     61     23    109     22 
   282 :     99    104     95    132 
   283 :     71     77     70    129 
   284 :     20    108     53     42 
   285 :     89      2     46     93 
   286 :     96    131    127    132 
   287 :     71     70    128    129 
   288 :    114     79     13    122 
   289 :    104    117     24    125 
   290 :     83     52     16     87 
   291 :    108     20    105     42 
   292 :    129    128    135    137 
   293 :    105      3     33     92 
   294 :     79    119     12     74 
   295 :    121     25     99    104 
   296 :     52     44     15     87 
   297 :     33    105     92    106 
   298 :     34     62     66    135 
   299 :     53     67     42    134 
   300 :     35     50     36    137 
   301 :     21    112     51    108 
   302 :     62     14     15     84 
   303 :     81     90     31     80 
   304 :     65     45     61    131 
   305 :    109     61     22     45 
   306 :     56     60     55    136 
   307 :     67     92     42    134 
   308 :     75     90     88     31 
   309 :     96    102    131    132 
   310 :     54     83     52     16 
   311 :     73     98     68    126 
   312 :     40     58     67    134 
   313 :     92     67     19     46 
   314 :     92     46     93    134 
   315 :     73    101     30     98 
   316 :    128    130    126    136 
   317 :     82     70     74    129 
   318 :     90     31     80      1 
   319 :     92     33    100     91 
   320 :      2     89     46     55 
   321 :    103     61     23    109 
   322 :    127    130    128    133 
   323 :     58     46     67    134 
   324 :    119    114     79     13 
   325 :    117    121    104     24 
   326 :     27    110    111     86 
   327 :    110      0    123     85 
   328 :     95    104    102    132 
   329 :     78     14     62     84 
   330 :     44     62     15     84 
   331 :      2     89     55     18 
   332 :    126    130    127    134 
   333 :    100      7     68     91 
   334 :     71     72     84    135 
   335 :     75      5     88     68 
   336 :     96    102    103    131 
   337 :     13      8    122     77 
   338 :    125     24    102     10 
   339 :     51     21    108     53 
   340 :     90     80     43      1 
   341 :     78      8     34     62 
   342 :      6     88     68     91 
   343 :      6     88     91     32 
   344 :     79     70     77    129 
   345 :     79     13    122     77 
   346 :     24    104    125    102 
   347 :     82    111     28    107 
   348 :     61    103     10     39 
   349 :     85    110     27     86 
   350 :      2     19     46     93 
   351 :     90     88     89    136 
   352 :    100      7     98     68 
   353 :     75     73      5     68 
   354 :     96     95    102    132 
   355 :    126    128    127    130 
   356 :     89     32      2     93 
   357 :     62     44     66    135 
   358 :     80     43      1     17 
   359 :    129    133    128    137 
   360 :     79     74     70    129 
   361 :     76    101     29     30 
   362 :     90     18     43    136 
   363 :     71     84     78    135 
   364 :     67     42     92     19 
   365 :     19     92     46     93 
   366 :     16     52     15     87 
   367 :    110      0     85     27 
   368 :     78     77     71    135 
   369 :      0    110    123     26 
   370 :      0     11    123     85 
   371 :     33      7    100     91 
   372 :     96    103    109    131 
   373 :     55     60     41    136 
   374 :     54     83     16     17 
   375 :     89     18     90    136 
   376 :    103     61     10     23 
   377 :     14      8     78     62 
   378 :     21     20    108     53 
   379 :    121     25    104     24 
   380 :    119     79     12     13 
   381 :      5     75     88     31 
   382 :    112     22     21     51 
   383 :     96    109     97    131 
   384 :     55     41     43    136 
   385 :     20    105     42      3 
   386 :     55     43     18    136 
   387 :     82     28     29    107 
   388 :     73     98      4     68 
   389 :    128    133    130    137 
   390 :    111     27     86     28 
   391 :     89     55     18    136 
   392 :     30     73     98      4 
