Number of nodes 66 
     0 :  0.0000000e+00  0.0000000e+00  1.0000000e+00 
     1 :  1.0000000e+00  0.0000000e+00  1.0000000e+00 
     2 :  1.0000000e+00  1.0000000e+00  1.0000000e+00 
     3 :  0.0000000e+00  1.0000000e+00  1.0000000e+00 
     4 :  0.0000000e+00  0.0000000e+00  0.0000000e+00 
     5 :  1.0000000e+00  0.0000000e+00  0.0000000e+00 
     6 :  1.0000000e+00  1.0000000e+00  0.0000000e+00 
     7 :  0.0000000e+00  1.0000000e+00  0.0000000e+00 
     8 :  4.0000000e-01  0.0000000e+00  1.0000000e+00 
     9 :  4.0000000e-01  4.0000000e-01  1.0000000e+00 
    10 :  0.0000000e+00  4.0000000e-01  1.0000000e+00 
    11 :  2.0000000e-01  0.0000000e+00  1.0000000e+00 
    12 :  6.5757467e-01  0.0000000e+00  1.0000000e+00 
    13 :  1.0000000e+00  5.0000000e-01  1.0000000e+00 
    14 :  5.0000000e-01  1.0000000e+00  1.0000000e+00 
    15 :  0.0000000e+00  6.5757467e-01  1.0000000e+00 
    16 :  0.0000000e+00  2.0000000e-01  1.0000000e+00 
    17 :  0.0000000e+00  0.0000000e+00  7.5660120e-01 
    18 :  0.0000000e+00  0.0000000e+00  4.3223840e-01 
    19 :  1.0000000e+00  0.0000000e+00  5.6472741e-01 
    20 :  1.0000000e+00  1.0000000e+00  5.6472741e-01 
    21 :  0.0000000e+00  1.0000000e+00  5.6472741e-01 
    22 :  4.0000000e-01  2.0000000e-01  1.0000000e+00 
    23 :  2.0000000e-01  4.0000000e-01  1.0000000e+00 
    24 :  6.3735914e-01  2.8320110e-01  1.0000000e+00 
    25 :  2.8320110e-01  6.3735914e-01  1.0000000e+00 
    26 :  6.3676004e-01  6.3676004e-01  1.0000000e+00 
    27 :  1.1485734e-01  5.2517742e-01  1.0000000e+00 
    28 :  5.2517742e-01  1.1485734e-01  1.0000000e+00 
    29 :  8.2373345e-01  1.9580027e-01  1.0000000e+00 
    30 :  1.9580027e-01  8.2373345e-01  1.0000000e+00 
    31 :  5.0000000e-01  5.0000000e-01  0.0000000e+00 
    32 :  4.2855137e-01  0.0000000e+00  5.9558562e-01 
    33 :  5.0557449e-01  0.0000000e+00  1.6084878e-01 
    34 :  7.0477137e-01  0.0000000e+00  6.3299457e-01 
    35 :  3.0344585e-01  0.0000000e+00  8.2165869e-01 
    36 :  5.5385510e-01  0.0000000e+00  8.1715317e-01 
    37 :  7.2155690e-01  0.0000000e+00  3.4743194e-01 
    38 :  3.0452107e-01  0.0000000e+00  3.6288490e-01 
    39 :  1.7144366e-01  0.0000000e+00  6.4120468e-01 
    40 :  1.3497790e-01  0.0000000e+00  8.4389291e-01 
    41 :  7.9625369e-01  0.0000000e+00  8.1717649e-01 
    42 :  1.0000000e+00  4.8954888e-01  3.5539246e-01 
    43 :  1.0000000e+00  6.3771469e-01  6.9185270e-01 
    44 :  1.0000000e+00  3.0389480e-01  7.3952857e-01 
    45 :  5.1045112e-01  1.0000000e+00  3.5539246e-01 
    46 :  3.6228531e-01  1.0000000e+00  6.9185270e-01 
    47 :  6.9610520e-01  1.0000000e+00  7.3952857e-01 
    48 :  0.0000000e+00  4.2855137e-01  5.9558562e-01 
    49 :  0.0000000e+00  5.0557449e-01  1.6084878e-01 
    50 :  0.0000000e+00  7.0477137e-01  6.3299457e-01 
    51 :  0.0000000e+00  3.0344585e-01  8.2165869e-01 
    52 :  0.0000000e+00  5.5385510e-01  8.1715317e-01 
    53 :  0.0000000e+00  7.2155690e-01  3.4743194e-01 
    54 :  0.0000000e+00  3.0452107e-01  3.6288490e-01 
    55 :  0.0000000e+00  1.7144366e-01  6.4120468e-01 
    56 :  0.0000000e+00  1.3497790e-01  8.4389291e-01 
    57 :  0.0000000e+00  7.9625369e-01  8.1717649e-01 
    58 :  2.0000000e-01  2.0000000e-01  1.0000000e+00 
    59 :  1.0000000e-01  3.0000000e-01  1.0000000e+00 
    60 :  3.0000000e-01  3.0000000e-01  1.0000000e+00 
    61 :  1.0000000e-01  1.0000000e-01  1.0000000e+00 
    62 :  3.0000000e-01  1.0000000e-01  1.0000000e+00 
    63 :  2.5000000e-01  2.5000000e-01  7.4161320e-01 
    64 :  6.1469674e-01  4.1471229e-01  5.9539572e-01 
    65 :  2.9871207e-01  5.7036257e-01  6.7676435e-01 
Number of tetrahedra 175 
     0 :     22     24     36     28 
     1 :     54     64     63     65 
     2 :     22     63     36     64 
     3 :     38     63     54     64 
     4 :     23     52     51     63 
     5 :     22     35     36     63 
     6 :     36     24     34     41 
     7 :     58     40     62     35 
     8 :      9     63     22     64 
     9 :     22     36     24     64 
    10 :     58     40     56     61 
    11 :     38     32     63     64 
    12 :     50     46     53     65 
    13 :     55     54     39     63 
    14 :     48     54     63     65 
    15 :     31     64     54     65 
    16 :     23     27     52     65 
    17 :     45     47     43     64 
    18 :     32     36     63     64 
    19 :     22      9     60     63 
    20 :      9     23     60     63 
    21 :     11     58     40     62 
    22 :     24     36     34     64 
    23 :     47     64     45     65 
    24 :     58     56     51     59 
    25 :     26     64     47     65 
    26 :     40     58     56     63 
    27 :     38     54     31     64 
    28 :     23     52     63     65 
    29 :     53     31     49     65 
    30 :     48     53     54     65 
    31 :     51     23     27     52 
    32 :     35     22     36     28 
    33 :     49     31     54     65 
    34 :     58     35     62     63 
    35 :     32     34     36     64 
    36 :     53     45     31     65 
    37 :      9     22     24     64 
    38 :     22     62     35     63 
    39 :     53     49     54     65 
    40 :     22     58     62     63 
    41 :     22     60     58     63 
    42 :     23     58     60     63 
    43 :     46     47     45     65 
    44 :     45     64     31     65 
    45 :     44     41     34     64 
    46 :     24     34     41     64 
    47 :     48     51     52     63 
    48 :     32     36     35     63 
    49 :     32     38     37     64 
    50 :     44     29     41     64 
    51 :     24     41     29     64 
    52 :     45     43     47     20 
    53 :     42     45     43     64 
    54 :     44     34     19     64 
    55 :      8     22     35     28 
    56 :     23     10     51     27 
    57 :     37     19     34     64 
    58 :      8     35     36     28 
    59 :     10     51     27     52 
    60 :     59     61     58     56 
    61 :      8     22     62     35 
    62 :     39     54     38     63 
    63 :     46     26     47     65 
    64 :     59     61     56     16 
    65 :     58     11     40     61 
    66 :     37     34     32     64 
    67 :     40     35     58     63 
    68 :     58     51     56     63 
    69 :     57     46     50     65 
    70 :     43     47     26     64 
    71 :     46     45     53     65 
    72 :     58     59     51     63 
    73 :     49     38     54     31 
    74 :      9     63     64     65 
    75 :     38     31     33     64 
    76 :     23     51     59     63 
    77 :     40     56     55     63 
    78 :     46     21     50     53 
    79 :     37     38     33     64 
    80 :     23     59     58     63 
    81 :     48     50     53     65 
    82 :     30     46     57     65 
    83 :     37     33     31     64 
    84 :     38     49     33     31 
    85 :      9     23     63     65 
    86 :     37     31     42     64 
    87 :     32     39     38     63 
    88 :     55     48     54     63 
    89 :     45     42     43     20 
    90 :     25     26     46     65 
    91 :     52     57     50     65 
    92 :      5     42     31      6 
    93 :     31      7      6     45 
    94 :     40     11     62     35 
    95 :     42     31     45     64 
    96 :     39     55     18     54 
    97 :     26     24     44     64 
    98 :     52     48     63     65 
    99 :     10     23     51     59 
   100 :     44     24     29     64 
   101 :     27     15     52     25 
   102 :     24     12     36     28 
   103 :     52     25     57     65 
   104 :     27     25     52     65 
   105 :     43     13     44     64 
   106 :     23     25     27     65 
   107 :      9     64     26     65 
   108 :     26     13     44     24 
   109 :     25     46     30     65 
   110 :     26     44     13     64 
   111 :     17     40     56     55 
   112 :     42     44     19     64 
   113 :     30      3     46     14 
   114 :     43     26     47      2 
   115 :     40     55     39     63 
   116 :     42     19     37     64 
   117 :     56     16     51     59 
   118 :     13     44     29      1 
   119 :     25     30     57     65 
   120 :     13     44     24     29 
   121 :     43     26     13     64 
   122 :     46     25     14     26 
   123 :     25     30     46     14 
   124 :      4     49     38     54 
   125 :     57     30      3     46 
   126 :     14     46     26     47 
   127 :     15     52     25     57 
   128 :     12     24     36     41 
   129 :      9     24     26     64 
   130 :     46     21     53     45 
   131 :      9     26     25     65 
   132 :     40     39     35     63 
   133 :     56     51     55     63 
   134 :     49      4     38     33 
   135 :     38     39     18     54 
   136 :      9     25     23     65 
   137 :     43     26      2     13 
   138 :     21     57     46     50 
   139 :     52     50     48     65 
   140 :     26     14     47      2 
   141 :     39     32     35     63 
   142 :     55     51     48     63 
   143 :     17     40     55     39 
   144 :     40      0     56     61 
   145 :     53      7     31     45 
   146 :     37     33      5     31 
   147 :      7     49     53     31 
   148 :     34     44     19     41 
   149 :     11      8     62     35 
   150 :     42     37      5     31 
   151 :     57      3     21     46 
   152 :     42     31      6     45 
   153 :      6     42     45     20 
   154 :     47     43      2     20 
   155 :     15     25     30     57 
   156 :     24     12     29     41 
   157 :     49      4     33     31 
   158 :     42     43     44     64 
   159 :     15     10     27     52 
   160 :     12      8     36     28 
   161 :      0     16     56     61 
   162 :     11      0     40     61 
   163 :     29     44     41      1 
   164 :     21      7     53     45 
   165 :     44     19     41      1 
   166 :     16     10     51     59 
   167 :      0     17     40     56 
   168 :     37     42      5     19 
   169 :     55     17     39     18 
   170 :     12     29     41      1 
   171 :     30     15     57      3 
   172 :      4     38     18     54 
   173 :     33      4      5     31 
   174 :     49      7      4     31 
