Number of nodes 298 
     0 :  0.0000000e+00  0.0000000e+00  1.0000000e+00 
     1 :  1.0000000e+00  0.0000000e+00  1.0000000e+00 
     2 :  1.0000000e+00  1.0000000e+00  1.0000000e+00 
     3 :  0.0000000e+00  1.0000000e+00  1.0000000e+00 
     4 :  0.0000000e+00  0.0000000e+00  0.0000000e+00 
     5 :  1.0000000e+00  0.0000000e+00  0.0000000e+00 
     6 :  1.0000000e+00  1.0000000e+00  0.0000000e+00 
     7 :  0.0000000e+00  1.0000000e+00  0.0000000e+00 
     8 :  4.0000000e-01  0.0000000e+00  1.0000000e+00 
     9 :  4.0000000e-01  4.0000000e-01  1.0000000e+00 
    10 :  0.0000000e+00  4.0000000e-01  1.0000000e+00 
    11 :  6.6666667e-02  0.0000000e+00  1.0000000e+00 
    12 :  1.3333333e-01  0.0000000e+00  1.0000000e+00 
    13 :  2.0000000e-01  0.0000000e+00  1.0000000e+00 
    14 :  2.6666667e-01  0.0000000e+00  1.0000000e+00 
    15 :  3.3333333e-01  0.0000000e+00  1.0000000e+00 
    16 :  4.6467430e-01  0.0000000e+00  1.0000000e+00 
    17 :  5.2934861e-01  0.0000000e+00  1.0000000e+00 
    18 :  5.9912313e-01  0.0000000e+00  1.0000000e+00 
    19 :  6.9342128e-01  0.0000000e+00  1.0000000e+00 
    20 :  8.2272105e-01  0.0000000e+00  1.0000000e+00 
    21 :  1.0000000e+00  3.3333333e-01  1.0000000e+00 
    22 :  1.0000000e+00  6.6666667e-01  1.0000000e+00 
    23 :  6.6666667e-01  1.0000000e+00  1.0000000e+00 
    24 :  3.3333333e-01  1.0000000e+00  1.0000000e+00 
    25 :  0.0000000e+00  8.2272105e-01  1.0000000e+00 
    26 :  0.0000000e+00  6.9342128e-01  1.0000000e+00 
    27 :  0.0000000e+00  5.9912313e-01  1.0000000e+00 
    28 :  0.0000000e+00  5.2934861e-01  1.0000000e+00 
    29 :  0.0000000e+00  4.6467430e-01  1.0000000e+00 
    30 :  0.0000000e+00  3.3333333e-01  1.0000000e+00 
    31 :  0.0000000e+00  2.6666667e-01  1.0000000e+00 
    32 :  0.0000000e+00  2.0000000e-01  1.0000000e+00 
    33 :  0.0000000e+00  1.3333333e-01  1.0000000e+00 
    34 :  0.0000000e+00  6.6666667e-02  1.0000000e+00 
    35 :  5.0000000e-01  0.0000000e+00  0.0000000e+00 
    36 :  1.0000000e+00  5.0000000e-01  0.0000000e+00 
    37 :  5.0000000e-01  1.0000000e+00  0.0000000e+00 
    38 :  0.0000000e+00  5.0000000e-01  0.0000000e+00 
    39 :  0.0000000e+00  0.0000000e+00  9.3548238e-01 
    40 :  0.0000000e+00  0.0000000e+00  8.6263972e-01 
    41 :  0.0000000e+00  0.0000000e+00  7.7493815e-01 
    42 :  0.0000000e+00  0.0000000e+00  6.5724213e-01 
    43 :  0.0000000e+00  0.0000000e+00  4.9897210e-01 
    44 :  0.0000000e+00  0.0000000e+00  2.8615772e-01 
    45 :  1.0000000e+00  0.0000000e+00  5.8432750e-01 
    46 :  1.0000000e+00  1.0000000e+00  5.8432750e-01 
    47 :  0.0000000e+00  1.0000000e+00  5.8432750e-01 
    48 :  4.0000000e-01  6.6666667e-02  1.0000000e+00 
    49 :  4.0000000e-01  1.3333333e-01  1.0000000e+00 
    50 :  4.0000000e-01  2.0000000e-01  1.0000000e+00 
    51 :  4.0000000e-01  2.6666667e-01  1.0000000e+00 
    52 :  4.0000000e-01  3.3333333e-01  1.0000000e+00 
    53 :  3.3333333e-01  4.0000000e-01  1.0000000e+00 
    54 :  2.6666667e-01  4.0000000e-01  1.0000000e+00 
    55 :  2.0000000e-01  4.0000000e-01  1.0000000e+00 
    56 :  1.3333333e-01  4.0000000e-01  1.0000000e+00 
    57 :  6.6666667e-02  4.0000000e-01  1.0000000e+00 
    58 :  3.0000000e-01  6.9818038e-01  1.0000000e+00 
    59 :  6.9818038e-01  3.0000000e-01  1.0000000e+00 
    60 :  1.5215072e-01  5.7085268e-01  1.0000000e+00 
    61 :  5.7085268e-01  1.5215072e-01  1.0000000e+00 
    62 :  5.3330440e-01  3.0000000e-01  1.0000000e+00 
    63 :  6.3429547e-01  5.3774015e-01  1.0000000e+00 
    64 :  3.0440205e-01  5.4319220e-01  1.0000000e+00 
    65 :  4.5613521e-01  5.4680904e-01  1.0000000e+00 
    66 :  5.2981543e-01  4.3419936e-01  1.0000000e+00 
    67 :  5.2816435e-01  7.8382489e-01  1.0000000e+00 
    68 :  5.0320239e-01  1.1104487e-01  1.0000000e+00 
    69 :  1.1104487e-01  5.0320239e-01  1.0000000e+00 
    70 :  3.7643921e-01  5.0515127e-01  1.0000000e+00 
    71 :  6.3971541e-01  8.3405983e-02  1.0000000e+00 
    72 :  8.3405983e-02  6.3971541e-01  1.0000000e+00 
    73 :  4.7682919e-01  2.3466692e-01  1.0000000e+00 
    74 :  2.3333333e-01  4.7915491e-01  1.0000000e+00 
    75 :  4.8667343e-01  3.5709938e-01  1.0000000e+00 
    76 :  3.7831362e-01  5.9088660e-01  1.0000000e+00 
    77 :  1.7930959e-01  8.0050596e-01  1.0000000e+00 
    78 :  8.0050596e-01  1.7930959e-01  1.0000000e+00 
    79 :  4.4104053e-01  4.6218634e-01  1.0000000e+00 
    80 :  6.5198759e-02  5.5789264e-01  1.0000000e+00 
    81 :  5.5789264e-01  6.5198759e-02  1.0000000e+00 
    82 :  1.6231356e-01  4.5990767e-01  1.0000000e+00 
    83 :  4.5653963e-01  1.6292400e-01  1.0000000e+00 
    84 :  3.1014600e-01  4.6187148e-01  1.0000000e+00 
    85 :  4.5936140e-01  2.9835326e-01  1.0000000e+00 
    86 :  5.8034970e-01  3.6440204e-01  1.0000000e+00 
    87 :  6.5009103e-01  4.3636624e-01  1.0000000e+00 
    88 :  7.3904177e-01  7.3080983e-01  1.0000000e+00 
    89 :  5.1952768e-01  5.1257647e-01  1.0000000e+00 
    90 :  5.7654470e-01  2.2947290e-01  1.0000000e+00 
    91 :  2.2998431e-01  5.7858028e-01  1.0000000e+00 
    92 :  7.8693478e-01  5.0081937e-01  1.0000000e+00 
    93 :  5.5001690e-02  4.5316412e-01  1.0000000e+00 
    94 :  4.5316412e-01  5.5001690e-02  1.0000000e+00 
    95 :  8.9199258e-01  1.0872724e-01  1.0000000e+00 
    96 :  1.0872724e-01  8.9199258e-01  1.0000000e+00 
    97 :  3.7219181e-01  4.4584182e-01  1.0000000e+00 
    98 :  5.1679372e-01  1.7805188e-01  1.0000000e+00 
    99 :  1.7776536e-01  5.1833959e-01  1.0000000e+00 
   100 :  6.6860443e-01  1.8909995e-01  1.0000000e+00 
   101 :  1.8913101e-01  6.6872807e-01  1.0000000e+00 
   102 :  1.0770762e-01  4.4599441e-01  1.0000000e+00 
   103 :  4.4599441e-01  1.0770762e-01  1.0000000e+00 
   104 :  8.4275415e-02  7.4376975e-01  1.0000000e+00 
   105 :  7.4376975e-01  8.4275415e-02  1.0000000e+00 
   106 :  4.4590980e-02  5.0511362e-01  1.0000000e+00 
   107 :  5.0511362e-01  4.4590980e-02  1.0000000e+00 
   108 :  5.5529268e-01  6.2881009e-01  1.0000000e+00 
   109 :  4.4672701e-01  6.5295875e-01  1.0000000e+00 
   110 :  4.5091127e-01  4.0027699e-01  1.0000000e+00 
   111 :  5.0000000e-01  5.0000000e-01  0.0000000e+00 
   112 :  2.5000000e-01  7.5000000e-01  0.0000000e+00 
   113 :  7.5000000e-01  7.5000000e-01  0.0000000e+00 
   114 :  7.5000000e-01  2.5000000e-01  0.0000000e+00 
   115 :  2.5000000e-01  2.5000000e-01  0.0000000e+00 
   116 :  5.3110319e-01  0.0000000e+00  4.8634588e-01 
   117 :  2.3333333e-01  0.0000000e+00  7.6898313e-01 
   118 :  4.4292679e-01  0.0000000e+00  7.7819266e-01 
   119 :  6.4627221e-01  0.0000000e+00  7.9108796e-01 
   120 :  1.1451833e-01  0.0000000e+00  9.0167212e-01 
   121 :  2.0431072e-01  0.0000000e+00  5.8907450e-01 
   122 :  3.0000000e-01  0.0000000e+00  8.7727708e-01 
   123 :  3.2903907e-01  0.0000000e+00  2.5613559e-01 
   124 :  2.0105142e-01  0.0000000e+00  8.9875309e-01 
   125 :  4.8403381e-01  0.0000000e+00  8.8643642e-01 
   126 :  3.9438721e-01  0.0000000e+00  8.7907408e-01 
   127 :  3.6620914e-01  0.0000000e+00  6.4470925e-01 
   128 :  1.1269298e-01  0.0000000e+00  7.7908197e-01 
   129 :  5.6303994e-01  0.0000000e+00  9.0796529e-01 
   130 :  7.5900427e-01  0.0000000e+00  8.8533903e-01 
   131 :  8.8314074e-01  0.0000000e+00  8.3656757e-01 
   132 :  6.5217217e-01  0.0000000e+00  9.1687846e-01 
   133 :  7.8874351e-01  0.0000000e+00  2.9216375e-01 
   134 :  3.0000000e-01  0.0000000e+00  9.4639640e-01 
   135 :  7.3766845e-01  0.0000000e+00  5.6845953e-01 
   136 :  4.3446224e-01  0.0000000e+00  9.4459865e-01 
   137 :  1.1045611e-01  0.0000000e+00  6.7501950e-01 
   138 :  1.6559016e-01  0.0000000e+00  9.5023685e-01 
   139 :  2.3888471e-01  0.0000000e+00  9.4544390e-01 
   140 :  5.3607550e-01  0.0000000e+00  6.6999858e-01 
   141 :  5.8738154e-02  0.0000000e+00  9.4149015e-01 
   142 :  3.6036380e-01  0.0000000e+00  9.4122437e-01 
   143 :  7.0735347e-02  0.0000000e+00  8.4243060e-01 
   144 :  4.9511178e-01  0.0000000e+00  9.4780007e-01 
   145 :  1.4638653e-01  0.0000000e+00  4.1085462e-01 
   146 :  1.7610350e-01  0.0000000e+00  1.6733944e-01 
   147 :  3.4335180e-01  0.0000000e+00  7.8749322e-01 
   148 :  1.4755261e-01  0.0000000e+00  8.4078018e-01 
   149 :  8.4644675e-02  0.0000000e+00  5.6962530e-01 
   150 :  3.3117354e-01  0.0000000e+00  4.5685782e-01 
   151 :  5.3798208e-01  0.0000000e+00  7.9746683e-01 
   152 :  8.0521713e-01  0.0000000e+00  7.3315632e-01 
   153 :  1.1001621e-01  0.0000000e+00  9.5397585e-01 
   154 :  5.2306716e-01  0.0000000e+00  2.6420783e-01 
   155 :  4.7418090e-02  0.0000000e+00  8.9100188e-01 
   156 :  1.0000000e+00  5.0000000e-01  4.8519259e-01 
   157 :  1.0000000e+00  2.1878756e-01  2.9216375e-01 
   158 :  1.0000000e+00  7.8121244e-01  2.9216375e-01 
   159 :  1.0000000e+00  7.3146053e-01  7.1047058e-01 
   160 :  1.0000000e+00  2.6853947e-01  7.1047058e-01 
   161 :  1.0000000e+00  5.0000000e-01  7.8122675e-01 
   162 :  5.0000000e-01  1.0000000e+00  4.8519259e-01 
   163 :  7.8121244e-01  1.0000000e+00  2.9216375e-01 
   164 :  2.1878756e-01  1.0000000e+00  2.9216375e-01 
   165 :  2.6853947e-01  1.0000000e+00  7.1047058e-01 
   166 :  7.3146053e-01  1.0000000e+00  7.1047058e-01 
   167 :  5.0000000e-01  1.0000000e+00  7.8122675e-01 
   168 :  0.0000000e+00  5.3110319e-01  4.8634588e-01 
   169 :  0.0000000e+00  2.3333333e-01  7.6898313e-01 
   170 :  0.0000000e+00  4.4292679e-01  7.7819266e-01 
   171 :  0.0000000e+00  6.4627221e-01  7.9108796e-01 
   172 :  0.0000000e+00  1.1451833e-01  9.0167212e-01 
   173 :  0.0000000e+00  2.0431072e-01  5.8907450e-01 
   174 :  0.0000000e+00  3.0000000e-01  8.7727708e-01 
   175 :  0.0000000e+00  3.2903907e-01  2.5613559e-01 
   176 :  0.0000000e+00  2.0105142e-01  8.9875309e-01 
   177 :  0.0000000e+00  4.8403381e-01  8.8643642e-01 
   178 :  0.0000000e+00  3.9438721e-01  8.7907408e-01 
   179 :  0.0000000e+00  3.6620914e-01  6.4470925e-01 
   180 :  0.0000000e+00  1.1269298e-01  7.7908197e-01 
   181 :  0.0000000e+00  5.6303994e-01  9.0796529e-01 
   182 :  0.0000000e+00  7.5900427e-01  8.8533903e-01 
   183 :  0.0000000e+00  8.8314074e-01  8.3656757e-01 
   184 :  0.0000000e+00  6.5217217e-01  9.1687846e-01 
   185 :  0.0000000e+00  7.8874351e-01  2.9216375e-01 
   186 :  0.0000000e+00  3.0000000e-01  9.5557747e-01 
   187 :  0.0000000e+00  7.3766845e-01  5.6845953e-01 
   188 :  0.0000000e+00  4.3446224e-01  9.4459865e-01 
   189 :  0.0000000e+00  1.1045611e-01  6.7501950e-01 
   190 :  0.0000000e+00  1.6559016e-01  9.5023685e-01 
   191 :  0.0000000e+00  2.3888471e-01  9.4697408e-01 
   192 :  0.0000000e+00  5.3607550e-01  6.6999858e-01 
   193 :  0.0000000e+00  5.8738154e-02  9.4149015e-01 
   194 :  0.0000000e+00  3.6036380e-01  9.4275455e-01 
   195 :  0.0000000e+00  7.0735347e-02  8.4243060e-01 
   196 :  0.0000000e+00  4.9511178e-01  9.4780007e-01 
   197 :  0.0000000e+00  1.4638653e-01  4.1085462e-01 
   198 :  0.0000000e+00  1.7610350e-01  1.6733944e-01 
   199 :  0.0000000e+00  3.4335180e-01  7.8749322e-01 
   200 :  0.0000000e+00  1.4755261e-01  8.4078018e-01 
   201 :  0.0000000e+00  8.4644675e-02  5.6962530e-01 
   202 :  0.0000000e+00  3.3117354e-01  4.5685782e-01 
   203 :  0.0000000e+00  5.3798208e-01  7.9746683e-01 
   204 :  0.0000000e+00  8.0521713e-01  7.3315632e-01 
   205 :  0.0000000e+00  1.1001621e-01  9.5397585e-01 
   206 :  0.0000000e+00  5.2306716e-01  2.6420783e-01 
   207 :  0.0000000e+00  4.7418090e-02  8.9100188e-01 
   208 :  2.0000000e-01  2.0000000e-01  1.0000000e+00 
   209 :  2.9315475e-01  1.0836438e-01  1.0000000e+00 
   210 :  1.0836438e-01  1.0684525e-01  1.0000000e+00 
   211 :  2.9163562e-01  2.9315475e-01  1.0000000e+00 
   212 :  1.0684525e-01  2.9163562e-01  1.0000000e+00 
   213 :  2.0034306e-01  8.5149336e-02  1.0000000e+00 
   214 :  3.1485066e-01  2.0034306e-01  1.0000000e+00 
   215 :  8.5149336e-02  1.9965694e-01  1.0000000e+00 
   216 :  1.9965694e-01  3.1485066e-01  1.0000000e+00 
   217 :  3.3432061e-01  6.5745293e-02  1.0000000e+00 
   218 :  6.5745293e-02  6.5679386e-02  1.0000000e+00 
   219 :  3.3425471e-01  3.3432061e-01  1.0000000e+00 
   220 :  6.5679386e-02  3.3425471e-01  1.0000000e+00 
   221 :  2.2980448e-01  1.3567114e-01  1.0000000e+00 
   222 :  2.6432886e-01  2.2980448e-01  1.0000000e+00 
   223 :  1.3567114e-01  1.7019552e-01  1.0000000e+00 
   224 :  1.7019552e-01  2.6432886e-01  1.0000000e+00 
   225 :  1.4417024e-01  6.1071940e-02  1.0000000e+00 
   226 :  3.3892806e-01  1.4417024e-01  1.0000000e+00 
   227 :  6.1071940e-02  2.5582976e-01  1.0000000e+00 
   228 :  2.5582976e-01  3.3892806e-01  1.0000000e+00 
   229 :  2.5372180e-01  6.1051575e-02  1.0000000e+00 
   230 :  3.3894842e-01  2.5372180e-01  1.0000000e+00 
   231 :  6.1051575e-02  1.4627820e-01  1.0000000e+00 
   232 :  1.4627820e-01  3.3894842e-01  1.0000000e+00 
   233 :  2.6989740e-01  1.7344812e-01  1.0000000e+00 
   234 :  1.7344812e-01  1.3010260e-01  1.0000000e+00 
   235 :  2.2655188e-01  2.6989740e-01  1.0000000e+00 
   236 :  1.3010260e-01  2.2655188e-01  1.0000000e+00 
   237 :  3.6777393e-02  1.0357794e-01  1.0000000e+00 
   238 :  2.9642206e-01  3.6777393e-02  1.0000000e+00 
   239 :  1.0357794e-01  3.6322261e-01  1.0000000e+00 
   240 :  3.6322261e-01  2.9642206e-01  1.0000000e+00 
   241 :  3.6063464e-01  1.0359826e-01  1.0000000e+00 
   242 :  1.0359826e-01  3.9365357e-02  1.0000000e+00 
   243 :  2.9640174e-01  3.6063464e-01  1.0000000e+00 
   244 :  3.9365357e-02  2.9640174e-01  1.0000000e+00 
   245 :  3.6691349e-01  3.3102990e-02  1.0000000e+00 
   246 :  3.3102990e-02  3.3086513e-02  1.0000000e+00 
   247 :  3.6689701e-01  3.6691349e-01  1.0000000e+00 
   248 :  3.3086513e-02  3.6689701e-01  1.0000000e+00 
   249 :  4.2530440e-01  4.2793583e-01  5.6443447e-01 
   250 :  2.5265244e-01  2.9955153e-01  7.4271351e-01 
   251 :  5.2643703e-01  2.2727208e-01  7.7709836e-01 
   252 :  2.2667073e-01  5.2869958e-01  7.7784774e-01 
   253 :  1.7507277e-01  1.6947727e-01  8.3269090e-01 
   254 :  4.2530440e-01  4.2793583e-01  7.8415726e-01 
   255 :  1.3989261e-01  4.3379036e-01  8.5709922e-01 
   256 :  4.3316638e-01  1.3877267e-01  8.5836303e-01 
   257 :  3.6840759e-01  2.6522470e-01  8.6146029e-01 
   258 :  3.0000000e-01  3.9426567e-01  8.5787313e-01 
   259 :  1.4719129e-01  2.9809828e-01  8.6978141e-01 
   260 :  2.9955153e-01  1.4734756e-01  8.7323937e-01 
   261 :  4.0023022e-01  3.6666667e-01  8.9482395e-01 
   262 :  7.0519453e-01  4.9686973e-01  7.1511344e-01 
   263 :  4.4857448e-01  7.1542556e-01  7.0841175e-01 
   264 :  2.6412240e-01  2.6745382e-01  8.9657800e-01 
   265 :  3.7093546e-01  4.7573860e-01  8.9103282e-01 
   266 :  2.3690164e-01  2.3690164e-01  4.9337449e-01 
   267 :  5.3185188e-01  1.4011567e-01  9.0067650e-01 
   268 :  1.3954352e-01  5.3219954e-01  9.0044801e-01 
   269 :  4.7884297e-01  2.4136235e-01  8.8483537e-01 
   270 :  5.3325155e-01  3.6408614e-01  8.7380684e-01 
   271 :  5.0399961e-01  5.5963323e-01  8.4324289e-01 
   272 :  6.6932641e-01  1.3210755e-01  8.7122947e-01 
   273 :  1.3202166e-01  6.6969764e-01  8.7137129e-01 
   274 :  8.6665451e-02  8.6665451e-02  9.1316304e-01 
   275 :  3.4999396e-01  1.4909852e-01  7.1533500e-01 
   276 :  8.2009692e-02  4.2761706e-01  9.2018565e-01 
   277 :  3.9426567e-01  1.0000000e-01  9.2257098e-01 
   278 :  2.3574886e-01  4.7866571e-01  8.8937508e-01 
   279 :  3.3405401e-01  3.6716395e-01  9.3172013e-01 
   280 :  2.1209185e-01  3.8309888e-01  9.0283074e-01 
   281 :  1.6853105e-01  1.6853105e-01  6.5322906e-01 
   282 :  7.3576646e-02  3.0069204e-01  9.3023198e-01 
   283 :  1.0927566e-01  2.1034705e-01  9.0247784e-01 
   284 :  6.4219655e-01  6.7328607e-01  4.0036606e-01 
   285 :  6.6898799e-01  2.7751094e-01  5.3166282e-01 
   286 :  3.0636606e-01  7.9934574e-02  9.2238752e-01 
   287 :  2.1445078e-01  1.1077353e-01  9.0615215e-01 
   288 :  2.3668322e-01  1.9129016e-01  9.2347663e-01 
   289 :  4.8464193e-01  7.7256639e-02  9.2991462e-01 
   290 :  3.7881886e-01  1.8948104e-01  9.1165183e-01 
   291 :  1.3477530e-01  3.6840759e-01  9.2695460e-01 
   292 :  4.7086530e-01  4.4437877e-01  9.0071950e-01 
   293 :  2.9160490e-01  6.9315219e-01  4.1736175e-01 
   294 :  2.2181411e-01  4.2088787e-01  8.2141590e-01 
   295 :  4.2464218e-01  2.9194909e-01  9.2396451e-01 
   296 :  4.4392723e-01  3.1104519e-01  8.3618695e-01 
   297 :  9.4000180e-02  9.4000180e-02  8.1227038e-01 
Number of tetrahedra 982 
     0 :    211    264    240    279 
     1 :    234    223    274    287 
     2 :    154    266    249    285 
     3 :    220    248    194     57 
     4 :    211    230    240    264 
     5 :     76    252    265    271 
     6 :    255    178    276    291 
     7 :    187    263    252    273 
     8 :    256    260    257    290 
     9 :    223    283    274    287 
    10 :    111    249    154    266 
    11 :    179    250    252    266 
    12 :    240    264    257    279 
    13 :    179    199    255    294 
    14 :     84    278     54    279 
    15 :    256    267    125    289 
    16 :    211    240    219    279 
    17 :    230    257    240    264 
    18 :     84    265    258    279 
    19 :     84    258    278    279 
    20 :    204    263    187    273 
    21 :    216    224    235    264 
    22 :    179    255    170    294 
    23 :    258    265     84    278 
    24 :    255    259    178    291 
    25 :    178    259    282    291 
    26 :    234    223    287    288 
    27 :    283    287    223    288 
    28 :     64    265    252    278 
    29 :    258    280    264    294 
    30 :     83    256    269    290 
    31 :    154    249    111    285 
    32 :    179    199    170    255 
    33 :     97     84     53    279 
    34 :    235    264    224    288 
    35 :    210    234    223    274 
    36 :     82     69    102    276 
    37 :    257    261    258    296 
    38 :     66    270     87    292 
    39 :    208    224    283    288 
    40 :     54    278    258    279 
    41 :     82    278    255    280 
    42 :    196    106    268    276 
    43 :     76    252     64    265 
    44 :    208    224    236    283 
    45 :    138    274    120    287 
    46 :     82    280    255    291 
    47 :    257    240    279    295 
    48 :    239     57    220    276 
    49 :     97    265      9    292 
    50 :    123    115    154    266 
    51 :    206    115    175    266 
    52 :    260    277    147    286 
    53 :    225    274    138    287 
    54 :    103     83    277    289 
    55 :    147    260    256    277 
    56 :    196    106     80    268 
    57 :     69    268    106    276 
    58 :     82    255    276    291 
    59 :    224    259    283    288 
    60 :    190    274    231    283 
    61 :    214    264    288    290 
    62 :    236    224    212    283 
    63 :    264    279    228    280 
    64 :    249    252    250    266 
    65 :     83    256    277    289 
    66 :    178    282    276    291 
    67 :    224    264    259    288 
    68 :    172    274    190    283 
    69 :     54    258    278    280 
    70 :      9    261     97    279 
    71 :     82    102     56    276 
    72 :    208    283    223    288 
    73 :    214    230    264    290 
    74 :    258    257    264    279 
    75 :    236    212    282    283 
    76 :    257    264    230    290 
    77 :    126    147    277    286 
    78 :    224    282    212    283 
    79 :    240    257    230    295 
    80 :     54    279    258    280 
    81 :     97      9     79    292 
    82 :     97    261      9    265 
    83 :     83    277    256    290 
    84 :    206    115    266    293 
    85 :     97    265     84    279 
    86 :    209    286    233    288 
    87 :      9    265    261    292 
    88 :    256    267     83    269 
    89 :    249    266    111    293 
    90 :    210    225    234    274 
    91 :    234    208    223    288 
    92 :    210    223    231    274 
    93 :    234    274    225    287 
    94 :    251    270    262    272 
    95 :    126    147    256    277 
    96 :    220    239    276    291 
    97 :     97    261    265    279 
    98 :     82     55    278    280 
    99 :    179    252    168    266 
   100 :    228    264    211    279 
   101 :    220     57    194    276 
   102 :    223    231    274    283 
   103 :     82    276     56    291 
   104 :    170    255    252    294 
   105 :    154    116    266    285 
   106 :    258    279    264    280 
   107 :     82    268    255    278 
   108 :    209    233    221    288 
   109 :    260    286    122    287 
   110 :    199    255    250    259 
   111 :    114    284    157    285 
   112 :    114    154    111    285 
   113 :    216    259    224    264 
   114 :     98     83    267    269 
   115 :    228    216    264    280 
   116 :    270    271     87    292 
   117 :    220    276    282    291 
   118 :    208    236    223    283 
   119 :     97     79    265    292 
   120 :     49    277     83    290 
   121 :    209    287    286    288 
   122 :     64    252     91    278 
   123 :    228    279    243    280 
   124 :    179    192    168    252 
   125 :     83    269     73    290 
   126 :    209    221    287    288 
   127 :    125    256    151    267 
   128 :    177    203    255    268 
   129 :     75    110    261    292 
   130 :     82    255    268    276 
   131 :    103     83     49    277 
   132 :    257    290    230    295 
   133 :     83    267    256    289 
   134 :    258    261    257    279 
   135 :    120    274    148    287 
   136 :    106     69     80    268 
   137 :     83     73     50    290 
   138 :    259    264    216    280 
   139 :     82     55    280    291 
   140 :     76    109    263    271 
   141 :    257    269    256    290 
   142 :    243    279     54    280 
   143 :     84     54     53    279 
   144 :    179    252    250    294 
   145 :    187    252    171    273 
   146 :    220    282    239    291 
   147 :    205    231    190    274 
   148 :     98     73     83    269 
   149 :     89     66     63    292 
   150 :     82     56     55    291 
   151 :    126    277    256    289 
   152 :    174    178    259    282 
   153 :    220    276    194    282 
   154 :    178    255    199    259 
   155 :    177    255    178    276 
   156 :    153    138    225    274 
   157 :    150    154    116    266 
   158 :    168    206    202    266 
   159 :    106     93     69    276 
   160 :    217    245     48    277 
   161 :    251    275    140    285 
   162 :    228    243     54    280 
   163 :    260    288    264    290 
   164 :    208    235    224    288 
   165 :    253    264    260    288 
   166 :    177    268    255    276 
   167 :    213    225    138    287 
   168 :    217    142    245    277 
   169 :    212    224    232    259 
   170 :     51    230    290    295 
   171 :    172    200    274    283 
   172 :     82     99    268    278 
   173 :    249    284    111    285 
   174 :    150    123    154    266 
   175 :    206    175    202    266 
   176 :     76    263    252    271 
   177 :    274    283    253    287 
   178 :    169    259    253    283 
   179 :    252    263    187    293 
   180 :    209    226    233    260 
   181 :    115    111    154    266 
   182 :     58    263     77    273 
   183 :     73     50    290    295 
   184 :    243    228    211    279 
   185 :     73    290    269    295 
   186 :    255    250    259    294 
   187 :     82     55     74    278 
   188 :    252    268     91    278 
   189 :    168    252    249    266 
   190 :     90    269    251    270 
   191 :    224    259    212    282 
   192 :    214    264    222    288 
   193 :    226    286    277    290 
   194 :    190    231    215    283 
   195 :    209    260    233    286 
   196 :    212    259    232    291 
   197 :    214    230    222    264 
   198 :    199    250    169    259 
   199 :     82    268     69    276 
   200 :     79     65    265    292 
   201 :    117    253    260    287 
   202 :    106    196     93    276 
   203 :    212    282    259    291 
   204 :    250    255    199    294 
   205 :    174    282    259    283 
   206 :    249    266    275    285 
   207 :    172    205    190    274 
   208 :    259    282    224    283 
   209 :    153    120    138    274 
   210 :    228    216    235    264 
   211 :     51    240    230    295 
   212 :      9    261    110    292 
   213 :    179    170    252    294 
   214 :    222    230    211    264 
   215 :    216    259    280    291 
   216 :    214    288    260    290 
   217 :     63     66     87    292 
   218 :    168    206    266    293 
   219 :    165    263    204    273 
   220 :    213    234    225    287 
   221 :    114    133    154    285 
   222 :    254    262    251    270 
   223 :    251    272    262    285 
   224 :    260    264    257    290 
   225 :    226    260    209    286 
   226 :    114    111    284    285 
   227 :     84     74     54    278 
   228 :    196    268    177    276 
   229 :     82     74     99    278 
   230 :    216    232    224    259 
   231 :    228    235    211    264 
   232 :    233    286    260    288 
   233 :    250    253    169    259 
   234 :    223    215    231    283 
   235 :     59    262    270    272 
   236 :    233    226    214    260 
   237 :    103     68     83    289 
   238 :     71     81    129    267 
   239 :      9     97     53    279 
   240 :    216    232    259    291 
   241 :    243    211    219    279 
   242 :    214    233    260    288 
   243 :     84    265     64    278 
   244 :     65     76     70    265 
   245 :     90    269    267    272 
   246 :    181     80     72    268 
   247 :     54    278     74    280 
   248 :    204    187    171    273 
   249 :    192    252    187    293 
   250 :    116    275    266    285 
   251 :    207    195    155    274 
   252 :    138    139    213    287 
   253 :     48    245    142    277 
   254 :    247      9     53    279 
   255 :    138    120    124    287 
   256 :     75    270    261    295 
   257 :    253    200    283    297 
   258 :    190    215    191    283 
   259 :     79     65     70    265 
   260 :    171    187    192    252 
   261 :    247    261      9    279 
   262 :    257    279    261    295 
   263 :    179    250    199    294 
   264 :     93    102     69    276 
   265 :    249    275    251    285 
   266 :     49     83     50    290 
   267 :     74    278     55    280 
   268 :    262    263     88    271 
   269 :    259    264    253    288 
   270 :    214    260    226    290 
   271 :    249    250    254    296 
   272 :     54     74     55    280 
   273 :     75    261    270    292 
   274 :    169    253    200    283 
   275 :     75    261     52    295 
   276 :     71     61     81    267 
   277 :    252    254    265    271 
   278 :     73    269     85    295 
   279 :    209    221    229    287 
   280 :    253    287    283    288 
   281 :    126    256    125    289 
   282 :    204    165    187    263 
   283 :    166    263    262    284 
   284 :     80     60     72    268 
   285 :     79      9    110    292 
   286 :    209    229    286    287 
   287 :     98    267     90    269 
   288 :    107    144     81    289 
   289 :      9    247     52    261 
   290 :     62    269     90    270 
   291 :    226    260    286    290 
   292 :    259    253    283    288 
   293 :     84     97     70    265 
   294 :    117    260    122    287 
   295 :     48    136     94    277 
   296 :    122    260    147    286 
   297 :    236    212    227    282 
   298 :     91    268     99    278 
   299 :     58     76    109    263 
   300 :    111    266    115    293 
   301 :    242    153    225    274 
   302 :    249    275    250    296 
   303 :    194    276    178    282 
   304 :     51    290     50    295 
   305 :    176    172    190    283 
   306 :     52     75    110    261 
   307 :    114     36    157    284 
   308 :    236    282    227    283 
   309 :    170    203    252    255 
   310 :     68    267     83    289 
   311 :    237    231    205    274 
   312 :     97     79     70    265 
   313 :     92     59    161    262 
   314 :    197    198    145    266 
   315 :    151    256    251    267 
   316 :    119    272    251    285 
   317 :    249    252    168    293 
   318 :    119    135    152    272 
   319 :     48    136    142    245 
   320 :     52    279    240    295 
   321 :    192    168    252    293 
   322 :    156    157    284    285 
   323 :    111    284    249    293 
   324 :    258    265    261    279 
   325 :    148    253    117    287 
   326 :    259    255    280    291 
   327 :    125    267    129    289 
   328 :    252    255    203    268 
   329 :    169    199    179    250 
   330 :    140    119    251    285 
   331 :     58    252     76    263 
   332 :    118    251    151    256 
   333 :    252    254    250    294 
   334 :    249    251    275    296 
   335 :    179    170    192    252 
   336 :    251    254    249    262 
   337 :    221    234    287    288 
   338 :    277    286    260    290 
   339 :    248    194     57    188 
   340 :    139    286    229    287 
   341 :    126    122    147    286 
   342 :     59    262     87    270 
   343 :    241    277    226    286 
   344 :    221    208    234    288 
   345 :    256    277    260    290 
   346 :    174    259    169    283 
   347 :    168    266    249    293 
   348 :     10    248     57    188 
   349 :     48      8    136    245 
   350 :    217     48    241    277 
   351 :    116    140    275    285 
   352 :    286    287    260    288 
   353 :     48     94    103    277 
   354 :     52    247    219    279 
   355 :    227    282    191    283 
   356 :    170    177    203    255 
   357 :    118    151    125    256 
   358 :     76     58     64    252 
   359 :    126    136    277    289 
   360 :    222    211    235    264 
   361 :    249    254    251    296 
   362 :      9     52    110    261 
   363 :     52    261    247    279 
   364 :    142    277    217    286 
   365 :     77    263    165    273 
   366 :     94    277    136    289 
   367 :     48    142    136    277 
   368 :     98     83     68    267 
   369 :    206    111    115    293 
   370 :     63     87    271    292 
   371 :     73     51     50    295 
   372 :    226    277     49    290 
   373 :    212    232    282    291 
   374 :    174    178    199    259 
   375 :    166     88    262    263 
   376 :     73     98     90    269 
   377 :    128    137    281    297 
   378 :    180    281    189    297 
   379 :    150    266    116    275 
   380 :    222    264    235    288 
   381 :    269    290    257    295 
   382 :     80    181    196    268 
   383 :    216    280     55    291 
   384 :    215    227    191    283 
   385 :    120    148    124    287 
   386 :    213    139    229    287 
   387 :    150    116    127    275 
   388 :    250    266    179    281 
   389 :     82     99     69    268 
   390 :    141    246    193    218 
   391 :     74     91     99    278 
   392 :    149    201    266    281 
   393 :     87    270    262    271 
   394 :    249    254    252    263 
   395 :    179    168    202    266 
   396 :     50     51    230    290 
   397 :     94    103    277    289 
   398 :     85     62     75    295 
   399 :     56     57    239    276 
   400 :     58    252    263    273 
   401 :     89     63    271    292 
   402 :    216     55    232    291 
   403 :    148    287    274    297 
   404 :    169    253    250    281 
   405 :     85     75     52    295 
   406 :    252    265    258    278 
   407 :     58     91     64    252 
   408 :     92     59     21    161 
   409 :    217    277    241    286 
   410 :     67    108     88    271 
   411 :    249    263    252    293 
   412 :     76     64     70    265 
   413 :    141    153    242    274 
   414 :    128    180    137    297 
   415 :    236    227    215    283 
   416 :    143    155    195    274 
   417 :    256    257    251    269 
   418 :     81    129    267    289 
   419 :    255    259    280    294 
   420 :    261    270    292    296 
   421 :    258    261    254    296 
   422 :    119    135    272    285 
   423 :    155    141    207    274 
   424 :     91    268    252    273 
   425 :     59    160    262    272 
   426 :    152    272    135    285 
   427 :    262    272    160    285 
   428 :     56    102     57    276 
   429 :    141    242    218    274 
   430 :    228     55    216    280 
   431 :    250    252    249    254 
   432 :    128    281    117    297 
   433 :    169    281    180    297 
   434 :     81    267     68    289 
   435 :    241     49    226    277 
   436 :     76    265     65    271 
   437 :     67     88    263    271 
   438 :     52    261    279    295 
   439 :    194     57    188    276 
   440 :    199    178    170    255 
   441 :    160    272    152    285 
   442 :    193    237    205    274 
   443 :     52    219    240    279 
   444 :    118    126    147    256 
   445 :    252    268    203    273 
   446 :     85    269     62    295 
   447 :    169    250    179    281 
   448 :    237    218    210    274 
   449 :     59     78    160    272 
   450 :    157    133    114    285 
   451 :    170    203    192    252 
   452 :    196    188     93    276 
   453 :    217    142     15    245 
   454 :    257    258    250    296 
   455 :    249    262    254    271 
   456 :    239    212    232    282 
   457 :    140    151    118    251 
   458 :    172    176    200    283 
   459 :    218    242    210    274 
   460 :    187    263    165    293 
   461 :    193    218    237    274 
   462 :    148    253    287    297 
   463 :    208    222    235    288 
   464 :    140    135    119    285 
   465 :    166    262    159    284 
   466 :    170    178    177    255 
   467 :    149    201    145    266 
   468 :    127    116    140    275 
   469 :     88    108     63    271 
   470 :    192    187    168    293 
   471 :    229    134    238    286 
   472 :    126    277    142    286 
   473 :    169    253    281    297 
   474 :    252    263    254    271 
   475 :    126    118    125    256 
   476 :    274    283    200    297 
   477 :    146    123    145    266 
   478 :    197    175    198    266 
   479 :     92     87     59    262 
   480 :    114    111     36    284 
   481 :     36    111    113    284 
   482 :    125    151    129    267 
   483 :     90    270    251    272 
   484 :    200    253    169    297 
   485 :    254    258    250    294 
   486 :    262    263    249    284 
   487 :     30    220    248    194 
   488 :    156    157     36    284 
   489 :    237    210    231    274 
   490 :    124    286    139    287 
   491 :    117    281    253    297 
   492 :     24     67    167    263 
   493 :     92    161     88    262 
   494 :    177    181    203    268 
   495 :    166    167     67    263 
   496 :    250    275    257    296 
   497 :    206    112    111    293 
   498 :    249    263    262    271 
   499 :    239     56    276    291 
   500 :    226     49     50    290 
   501 :    173    266    201    281 
   502 :    121    149    266    281 
   503 :    141    218    193    274 
   504 :    251    254    270    296 
   505 :     64     84     70    265 
   506 :    213    229    221    287 
   507 :    242    225    210    274 
   508 :     58     67     24    263 
   509 :    214     50    230    290 
   510 :    214    222    233    288 
   511 :    220    212    239    282 
   512 :    239    282    232    291 
   513 :     54     55    228    280 
   514 :    249    254    263    271 
   515 :     63     87    262    271 
   516 :    251    256    118    275 
   517 :    217     15    134    238 
   518 :    241    226    209    286 
   519 :    142    217    134    286 
   520 :    217    238    134    286 
   521 :     74     84     64    278 
   522 :    117    147    122    260 
   523 :     71    132     81     18 
   524 :     80     27    184     72 
   525 :    173    179    266    281 
   526 :    124    148    117    287 
   527 :    121    266    275    281 
   528 :    196    181    177    268 
   529 :    250    249    266    275 
   530 :     65    271    265    292 
   531 :    109     67     58    263 
   532 :    209    217    241    286 
   533 :    262    284    249    285 
   534 :    136      8    142    245 
   535 :     90    251    269    272 
   536 :    198    146    145    266 
   537 :    250    260    253    264 
   538 :     88     63    262    271 
   539 :     35    114    154    111 
   540 :    269    270     62    295 
   541 :     48    103     49    277 
   542 :    248     10    194    188 
   543 :    117    260    253    275 
   544 :    250    257    260    264 
   545 :     54    243     53    279 
   546 :     91    252     58    273 
   547 :     36    113    158    284 
   548 :    207    141    193    274 
   549 :     41    128    180    137 
   550 :    229    139    134    286 
   551 :    117    253    148    297 
   552 :     41    180    128    297 
   553 :    138    124    139    287 
   554 :    183    165    204    273 
   555 :     59     87     86    270 
   556 :     77    165    183    273 
   557 :    128    137    117    281 
   558 :    169    189    180    281 
   559 :     37    113    111    284 
   560 :    190    191    176    283 
   561 :    138    213    139     13 
   562 :    121    266    127    275 
   563 :    251    269    257    296 
   564 :    180    189    137    297 
   565 :     61     68     81    267 
   566 :    112     37    284    293 
   567 :    140    119    151    251 
   568 :     66     86     87    270 
   569 :     58    165     77    263 
   570 :    106    196     80     28 
   571 :    144    107     81     17 
   572 :    161     59    160    262 
   573 :    190    215     32    191 
   574 :    199    169    174    259 
   575 :    117    122    124    287 
   576 :    151    267    251    272 
   577 :    162    284     37    293 
   578 :    251    262    249    285 
   579 :    236    215    223    283 
   580 :    115    123    146    266 
   581 :    115    198    175    266 
   582 :    176    191    282    283 
   583 :     69     60     80    268 
   584 :    262    270    254    271 
   585 :    261    295    270    296 
   586 :    253    260    287    288 
   587 :    166     67     88    263 
   588 :    176    169    200    283 
   589 :    254    271    270    292 
   590 :    171    192    203    252 
   591 :    214    226     50    290 
   592 :     77    183    182    273 
   593 :    189    281    137    297 
   594 :    270    295    269    296 
   595 :    176    282    174    283 
   596 :     57     93    188    276 
   597 :    159    166     88    262 
   598 :    126    125    136    289 
   599 :    150    127    266    275 
   600 :    143    120    155    274 
   601 :    172    195    207    274 
   602 :    124    122    286    287 
   603 :     79     89     65    292 
   604 :    142    217     15    134 
   605 :    254    258    252    265 
   606 :    201    173    197    266 
   607 :    121    149    145    266 
   608 :    140    251    118    275 
   609 :    176    174    169    283 
   610 :    267    269    251    272 
   611 :    193    246     34    218 
   612 :    141    246    218     11 
   613 :     91     60     99    268 
   614 :     62    270     75    295 
   615 :    109     67    263    271 
   616 :     75     66    110    292 
   617 :    181    203    268    273 
   618 :    109    108     67    271 
   619 :    160    131    152    272 
   620 :     56    232     55    291 
   621 :    160     78    131    272 
   622 :     73     62     85    269 
   623 :    160    152    135    285 
   624 :    117    275    253    281 
   625 :     90     98     61    267 
   626 :    249    284    263    293 
   627 :     63     87     92    262 
   628 :    101     91     58    273 
   629 :    200    169    180    297 
   630 :    117    148    128    297 
   631 :    171    252    203    273 
   632 :    101     60     91    273 
   633 :    183    204    182    273 
   634 :    169    179    173    281 
   635 :    274    287    253    297 
   636 :    112    284    111    293 
   637 :    120    274    143    297 
   638 :    195    274    172    297 
   639 :    126    136    142    277 
   640 :    254    261    258    265 
   641 :    213    221    234    287 
   642 :     88     92     22    161 
   643 :     37    163    113    284 
   644 :    104     77    182    273 
   645 :    244    220    186    282 
   646 :    156     36    158    284 
   647 :    201    197    145    266 
   648 :     76     65    109    271 
   649 :    198    115    146    266 
   650 :     59    270     90    272 
   651 :    156    284    262    285 
   652 :    107     81     68    289 
   653 :    220    194    186    282 
   654 :    209    238    217    286 
   655 :    220     30    244    186 
   656 :    253    260    250    275 
   657 :    130    131     78    272 
   658 :     75    270     66    292 
   659 :     48     49    241    277 
   660 :     59     21    161    160 
   661 :    227    244    186    282 
   662 :    164    162     37    293 
   663 :     73     85     51    295 
   664 :     57    102     93    276 
   665 :    180     41    137    189 
   666 :     58     24    165    263 
   667 :    252    258    254    294 
   668 :     59     21    160     78 
   669 :     58     24     77    165 
   670 :     60    268     91    273 
   671 :    250    264    259    280 
   672 :    117    121    275    281 
   673 :    219    247     53    279 
   674 :    154    133    116    285 
   675 :     24    167    165    263 
   676 :     81    132    129     18 
   677 :    181     80     27    184 
   678 :     81    144    129    289 
   679 :    193    205    172    274 
   680 :    120    153    141    274 
   681 :    253    283    274    297 
   682 :    120    148    274    297 
   683 :    200    172    274    297 
   684 :    174    194    178    282 
   685 :    139    229    134    238 
   686 :    173    179    202    266 
   687 :    121    150    127    266 
   688 :    215    190     32    231 
   689 :    155    207     40    195 
   690 :     92     88     63    262 
   691 :     59     86     62    270 
   692 :    149    137    189    281 
   693 :     74     64     91    278 
   694 :    155    120    141    274 
   695 :    207    193    172    274 
   696 :    117    147    260    275 
   697 :    254    250    258    296 
   698 :    150    145    123    266 
   699 :    197    202    175    266 
   700 :    208    221    233    288 
   701 :    213    138    225     13 
   702 :    177    188    196    276 
   703 :    184    181     72    273 
   704 :    229    238    209    286 
   705 :     88    161    159    262 
   706 :     94    136    144    289 
   707 :     30    220    194    186 
   708 :    206    112    115    111 
   709 :    115     35    154    111 
   710 :    206    112     38    115 
   711 :    250    253    259    264 
   712 :    164     47    185      7 
   713 :    133    157      5     45 
   714 :    250    275    266    281 
   715 :    256    260    147    275 
   716 :    157    135    133    285 
   717 :    124    122    139    286 
   718 :    152    131    130    272 
   719 :    213    139     13    229 
   720 :    119    151    251    272 
   721 :    252    278    258    294 
   722 :    250    260    257    275 
   723 :    242    141    218     11 
   724 :    207    141    155     39 
   725 :     37    111    112    284 
   726 :    132     71     81    129 
   727 :    181     80    184     72 
   728 :     59     90    100    272 
   729 :    261    292    254    296 
   730 :    159    262    156    284 
   731 :     61     98     68    267 
   732 :    112    164     37    293 
   733 :    208    233    222    288 
   734 :     94     48      8    136 
   735 :     10     57     93    188 
   736 :    143    274    195    297 
   737 :    107     94    144    289 
   738 :    198    145     44    197 
   739 :    149    201     43    145 
   740 :     69     99     60    268 
   741 :    139    122    134    286 
   742 :    120    143    148    297 
   743 :    200    195    172    297 
   744 :    250    258    257    264 
   745 :    261    265    254    292 
   746 :    149    189    201    281 
   747 :    129    267    151    272 
   748 :      6    158    163     46 
   749 :    105    130     78    272 
   750 :     23    166    167     67 
   751 :     37    162    163    284 
   752 :    215     32    191    227 
   753 :    193     34    237    218 
   754 :    117    137    121    281 
   755 :    173    189    169    281 
   756 :    269    295    257    296 
   757 :    205     33    190    231 
   758 :    160     78     95    131 
   759 :     77     96    183    165 
   760 :    126    142    122    286 
   761 :    166    162    263    284 
   762 :     62     73     90    269 
   763 :    181    268     72    273 
   764 :     90     61    100    272 
   765 :    253    275    250    281 
   766 :    153    138     12    225 
   767 :    246    141    193     39 
   768 :    194    188    178    276 
   769 :    261    257    295    296 
   770 :    257    260    256    275 
   771 :    191    227    186    282 
   772 :    251    257    256    275 
   773 :    257    275    251    296 
   774 :     94     68    103    289 
   775 :    206    185    112    293 
   776 :    121    127    117    275 
   777 :    196     29     93    188 
   778 :     16     94    136    144 
   779 :     72    268     60    273 
   780 :    237     33    205    231 
   781 :     72     60    101    273 
   782 :    176    191    174    282 
   783 :    242    153     12    225 
   784 :     59     62     90    270 
   785 :     14    139    134    238 
   786 :    118    256    147    275 
   787 :    244    212    220    282 
   788 :     90    267     61    272 
   789 :     16    107     94    144 
   790 :     29    106    196     93 
   791 :    187    164    185    293 
   792 :     52    240     51    295 
   793 :    113    163    158    284 
   794 :     89    271     65    292 
   795 :    250    264    280    294 
   796 :    243    219     53    279 
   797 :    107     68     94    289 
   798 :    133    135    116    285 
   799 :    141    207    193     39 
   800 :    123    115     35    154 
   801 :     38    206    115    175 
   802 :    278    280    258    294 
   803 :    255    280    278    294 
   804 :    110     66     79    292 
   805 :    141    242    153     11 
   806 :    140    116    135    285 
   807 :    132     71    129    272 
   808 :    162    263    284    293 
   809 :     96    104     77    182 
   810 :    130    105     78     95 
   811 :    250    280    259    294 
   812 :     23    166     67     88 
   813 :    159     88     22    161 
   814 :     31    191    244    186 
   815 :    246    141      0     11 
   816 :    193    246      0     34 
   817 :     19    132    105     71 
   818 :     72    184    104     26 
   819 :    158    159    156    284 
   820 :    127    140    118    275 
   821 :    191    227    244    186 
   822 :    184     72    104    273 
   823 :    159     46    166    284 
   824 :     24      3     96    165 
   825 :     21    160     95      1 
   826 :     79     66     89    292 
   827 :    139     14    229    238 
   828 :    142    134    122    286 
   829 :    191    227     31    244 
   830 :    158     46    159    284 
   831 :     41    143    195    297 
   832 :    250    258    264    294 
   833 :    246    193      0     39 
   834 :    141    246      0     39 
   835 :     85     52     51    295 
   836 :     96     77    183    182 
   837 :     78    130     95    131 
   838 :    143    155     40    195 
   839 :    157     45    135    285 
   840 :    177    178    188    276 
   841 :    256    251    267    269 
   842 :     71    267    129    272 
   843 :    163    166     46    284 
   844 :     34    193    237    205 
   845 :    173    201    189    281 
   846 :    149    121    137    281 
   847 :     29     10     93    188 
   848 :     16     94      8    136 
   849 :    121    145    150    266 
   850 :    173    202    197    266 
   851 :     75     86     66    270 
   852 :     96      3    183    165 
   853 :     95    160    131      1 
   854 :    160    156    262    285 
   855 :    183      3     47    165 
   856 :    160     45    131      1 
   857 :      2    166     23     88 
   858 :    227    212    244    282 
   859 :    163     46    158    284 
   860 :     21    160     78     95 
   861 :     24     96     77    165 
   862 :    105    130     20     95 
   863 :     96    104    182     25 
   864 :    252    255    268    278 
   865 :    159    166      2     88 
   866 :    254    292    270    296 
   867 :    166    162    167    263 
   868 :      2    159     88     22 
   869 :    165    263    162    293 
   870 :    114     35    154    133 
   871 :    162    166    163    284 
   872 :    254    265    271    292 
   873 :    239    232     56    291 
   874 :     41     42    137    189 
   875 :    191    186    174    282 
   876 :    201    197     43    145 
   877 :    144     81    129     17 
   878 :    196     80     28    181 
   879 :     22     92     21    161 
   880 :    157    156    160    285 
   881 :    138     12    225     13 
   882 :    181    171    203    273 
   883 :    206    168    185    293 
   884 :     61    267     71    272 
   885 :     41    128    143    297 
   886 :     41    195    180    297 
   887 :    125    144    136    289 
   888 :     61     71    100    272 
   889 :    165     47    187    293 
   890 :    145    198     44    146 
   891 :    190     33     32    231 
   892 :     24     23    167     67 
   893 :    104    182    184    273 
   894 :    174    186    194    282 
   895 :    115     38    198      4 
   896 :    146    115      4     35 
   897 :     72    101    104    273 
   898 :    101     58     77    273 
   899 :    184    104     26    182 
   900 :    132     19    105    130 
   901 :     42    149    137    189 
   902 :     47    164    187    293 
   903 :    160    135     45    285 
   904 :    171    182    204    273 
   905 :    159    161    156    262 
   906 :    142      8     15    245 
   907 :    187    185    168    293 
   908 :    132    105     71    272 
   909 :    156    161    160    262 
   910 :    117    127    147    275 
   911 :     13    139     14    229 
   912 :     75     62     86    270 
   913 :    165    162    164    293 
   914 :     10     30    248    194 
   915 :     32    191    227     31 
   916 :    160     45    157    285 
   917 :    149     42    201    189 
   918 :    251    270    269    296 
   919 :    114     35    133      5 
   920 :     65    108    109    271 
   921 :     65     89    108    271 
   922 :     36      6    158    113 
   923 :    157    114      5     36 
   924 :     37      6    113    163 
   925 :     15     14    134    238 
   926 :    144    125    129    289 
   927 :    119    129    151    272 
   928 :    242    153     11     12 
   929 :    100     78     59    272 
   930 :     81    129     17     18 
   931 :     80     28    181     27 
   932 :    112    185    164    293 
   933 :    132    130    105    272 
   934 :    119    152    130    272 
   935 :    165    164     47    293 
   936 :    165    167    162    263 
   937 :    127    118    147    275 
   938 :     89     63    108    271 
   939 :    100     71    105    272 
   940 :     19    132     71     18 
   941 :     27    184     72     26 
   942 :    181    184    171    273 
   943 :     33     34    237    205 
   944 :     47    204    165    187 
   945 :    160    135    152     45 
   946 :    112    206     38    185 
   947 :    155    207     39     40 
   948 :     41    143     40    195 
   949 :    252    255    278    294 
   950 :     47    187    164    185 
   951 :    157    133    135     45 
   952 :    104    101     77    273 
   953 :    128    148    143    297 
   954 :    200    180    195    297 
   955 :     38    112    185      7 
   956 :    112    164      7     37 
   957 :    119    132    129    272 
   958 :    130     20     95    131 
   959 :    183     96    182     25 
   960 :     30     31    244    186 
   961 :    104     26    182     25 
   962 :     19    105    130     20 
   963 :    157    114    133      5 
   964 :      6    158    113    163 
   965 :    184    182    171    273 
   966 :    105     78    100    272 
   967 :    159    166     46      2 
   968 :    106     29    196     28 
   969 :     16    107    144     17 
   970 :    115    146    123     35 
   971 :     38    115    198    175 
   972 :    197     44     43    145 
   973 :    119    130    132    272 
   974 :    112    164    185      7 
   975 :    183     47    204    165 
   976 :    152    160     45    131 
   977 :     42    149    201     43 
   978 :    115    198    146      4 
   979 :    198     44    146      4 
   980 :     20     95    131      1 
   981 :      3     96    183     25 
