Number of nodes 30 
     0 :  0.0000000e+00  0.0000000e+00  1.0000000e+00 
     1 :  1.0000000e+00  0.0000000e+00  1.0000000e+00 
     2 :  1.0000000e+00  1.0000000e+00  1.0000000e+00 
     3 :  0.0000000e+00  1.0000000e+00  1.0000000e+00 
     4 :  0.0000000e+00  0.0000000e+00  0.0000000e+00 
     5 :  1.0000000e+00  0.0000000e+00  0.0000000e+00 
     6 :  1.0000000e+00  1.0000000e+00  0.0000000e+00 
     7 :  0.0000000e+00  1.0000000e+00  0.0000000e+00 
     8 :  4.0000000e-01  0.0000000e+00  1.0000000e+00 
     9 :  4.0000000e-01  4.0000000e-01  1.0000000e+00 
    10 :  0.0000000e+00  4.0000000e-01  1.0000000e+00 
    11 :  6.7634142e-01  0.0000000e+00  1.0000000e+00 
    12 :  0.0000000e+00  6.7634142e-01  1.0000000e+00 
    13 :  0.0000000e+00  0.0000000e+00  5.6536170e-01 
    14 :  4.0636179e-01  6.7029470e-01  1.0000000e+00 
    15 :  6.7014565e-01  3.7838245e-01  1.0000000e+00 
    16 :  5.3738044e-01  1.9724266e-01  1.0000000e+00 
    17 :  2.0159045e-01  5.3665903e-01  1.0000000e+00 
    18 :  5.0000000e-01  5.0000000e-01  0.0000000e+00 
    19 :  4.2939024e-01  0.0000000e+00  4.6286628e-01 
    20 :  7.2878047e-01  0.0000000e+00  6.4333136e-01 
    21 :  2.3750622e-01  0.0000000e+00  7.6927414e-01 
    22 :  5.0690854e-01  0.0000000e+00  7.6900755e-01 
    23 :  1.0000000e+00  5.0000000e-01  5.0000000e-01 
    24 :  5.0000000e-01  1.0000000e+00  5.0000000e-01 
    25 :  0.0000000e+00  4.2939024e-01  4.6286628e-01 
    26 :  0.0000000e+00  7.2878047e-01  6.4333136e-01 
    27 :  0.0000000e+00  2.3750622e-01  7.6927414e-01 
    28 :  0.0000000e+00  5.0690854e-01  7.6900755e-01 
    29 :  2.0000000e-01  2.0000000e-01  1.0000000e+00 
Number of tetrahedra 65 
     0 :     28      9     17     14 
     1 :     21     29     27      9 
     2 :     15      9     16     22 
     3 :     27     21      9     19 
     4 :      9     27     28     17 
     5 :      9     21     16     22 
     6 :     21      9     19     22 
     7 :     27      9     28     25 
     8 :     28      9     14     25 
     9 :     25      9     24     23 
    10 :     19      9     15     22 
    11 :      9     25     19     23 
    12 :      9     14     24     23 
    13 :      9     14     25     24 
    14 :     14      9     15     23 
    15 :      9     19     15     23 
    16 :      9      8     21     29 
    17 :     10      9     27     29 
    18 :     18     25     24     23 
    19 :     19     25     18     23 
    20 :     26     28     14     25 
    21 :      9      8     16     21 
    22 :     10      9     17     27 
    23 :     27      9     25     19 
    24 :     19     15     20     22 
    25 :     27     10     28     17 
    26 :     21      8     16     22 
    27 :     26      3      7     24 
    28 :      5      1     20     23 
    29 :     26     28     17     14 
    30 :     14      3     24      2 
    31 :     14     26     25     24 
    32 :      1      2     15     23 
    33 :     15     19     20     23 
    34 :     21     27     13     19 
    35 :     15     16     20     22 
    36 :      6     24      2     23 
    37 :      6      5     18     23 
    38 :      7      6     18     24 
    39 :      7      4     25     18 
    40 :     19      4      5     18 
    41 :     16     20     22     11 
    42 :     26     28     12     17 
    43 :     24     14      2     23 
    44 :      5     19     18     23 
    45 :     25      7     18     24 
    46 :      6     18     24     23 
    47 :     19      5     20     23 
    48 :     26      7     25     24 
    49 :      2     14     15     23 
    50 :     12     26     17     14 
    51 :     21     29      8      0 
    52 :     27     29      0     10 
    53 :     29     21     27      0 
    54 :     13     27     25     19 
    55 :     16     15     20     11 
    56 :     25      4     19     18 
    57 :     21     27      0     13 
    58 :      8     16     22     11 
    59 :     28     10     12     17 
    60 :      4     13     25     19 
    61 :      3     26     14     24 
    62 :      1     15     20     23 
    63 :      3     26     12     14 
    64 :     15      1     20     11 
